$ANSIBLE_VAULT;1.1;AES256
31393564353532656530333862316161663662623637326266356332646461363531326438623036
3438656639393130643135666436373637396631613334350a666664623135646436353537376361
62616138666465313961313731343239656135623537643366333632633435643465353561626237
6166356231326362660a343961353861323364333837323461656132363735636534353335326462
31333236333266646166376635386665626539326237333132393963343466333766343231383762
64383661323530333335373734643664343938663037356230663433356539386134386635313264
66313135316363313236643230333037653631653333623034633533353935326431353634343837
65356364306562376166303165353362396536393661376631336138646238383133303063333239
61626336363334326138656330613362393135623839666234393962623833636165656338646365
30326463396536303034663066343433373266326231343830623631386430656635373361366438
66313039313430396232633232303865326537663865333363656661646538356432343663323531
62366532333362336638303838346634633065646661326439303662363135343565333031666232
62376532653235663966623932623530666333666234633762313663616265326437366162356532
38336333613439653532643561323734396463346537363836643239373431363336336534653633
30313633323763323939633539356463633137306538323935383535373931333261313263376430
36646331313832356266323635393034353139616639666365343066363537616535336433323962
37323637633462646333366634336338373430663137616537653866663938663062353064376461
31653066373862383639383432356162613565623164336363643331303662633739313638363466
63323531333562623764663734646166383065623537616663656338353762376466396266633731
63666239613230386661653562646365663239666265383035303435356164306337303930313234
66613839333336646336323133306161313436393537386261396130333438393039613235666433
63366537383335346563616235626161626665373638336437663535616232633435633537383931
62346363356632626632666232383965303638616438343732333761643462396432373834666635
61666363383464346164393562353930666162643461303665396130623535343533613436303832
39333231623038346162333335383233343230663932623033313961373965336332313063653435
37366461316432363865656238646163353066333534626364316534636530373938303531336436
31376661323163636666633430383830376131316437333035373339346235636561343239626465
30363032343563616662373930646438363731313262653930613964393234393765633232366234
34363837376539313365323438366530653565666130616362656634653735306630343631333166
61353532343663653635376235353833376237396432346462663064663636373566383163653039
35323233656663323034626266656637303338313664353036646665356465316265333933303130
63306633326430316237346636636537666663306262636364373663353364643465343737383733
64663362663362653633333730356364383266363331663735303165356262613639343538313338
65323034356537633836346532353530373437633262653835666166303432656665316238363533
32386232663463333531363035333139643461393661313963326630333531653938303664363934
31343036343730613835373661343965663336346537353936663735633733626663656563353763
64656238333766363832643064636236646233316339363964613166356566323833663066653865
31383431383638366531613336343538636666303462646165313534343938303937303631356535
32373130386130323636623131313364613461363535363066316133336639653435363266653864
38373464373134366634396633306232343532346537656433393766376562633935373661353135
65346434306131636163643663353838333563393833616564346135373239396133623365373661
37646361313065316634323636396635366533353066386466353437623963623962633461363062
32316331333533343536646138333637376431636135356139656261383463356134313535376535
34326662306431303331643833323962343737346665376130613665373939653035663663666435
65363133303139616336613030373939653766313265613665353031366661393961333536376535
35323365303263656438333761336133366661626631336561376131343765656637623431346664
36353238383332666437393965303766623965323236343335306266343766326134633132393139
66353430663837353438316239336130343665656537303164303736646162346666306331383833
36636237356461636363383931663634313662306338613664383936333263313734663264613864
64323261383438353135636137356238303038356638646465323937626232316264336164376435
66333566346466353865316136313162376662343032393364656531323366376337336163653030
64383630313638366639373438346536323134326632663830353564636261303932333361376261
62643437353331626438313039393834373330623138373438663933623563393639313236366631
33616163326234363461333639303536616165356531633462646662323439393536383465613264
34306234633034633535633833316130616138306335386435623464666439376664393039616634
36323537393930343161313335653334633635653363346531333030646434353161643665346231
38623131383931313030333063346137343535623931626135613436383136396133326530396635
38643437656166326264366238666437643363303131653662306138653636323232346533306632
31313533333064373261636564386265633361633236633330373337626235663437346265623637
64313339613366316435343662623434623164343935373664663432303234656433376361613039
36626366616464623035386239626661373936666338333536303063396262376165623666323662
64323933353166333566303031396663613735323563306636333761353635623062356663623137
37633066393530336137393362636138333036643534666462623062373331613038396637343666
32626666646461623261363166626663316365623666306162653839646363303062653836663161
64333231313037343934303562346638616264313239623837613366643665366638656239363263
33373734333565323034613430633665386561386236356530623939653266393833316561323238
31323762613535626234643736396466336462396335313034363031636638613331396663346164
62646562343662393138633335363662346233656265386438616235663339343335343865303439
39363439366238653266373737303630333263353937353934613665643134373465633838353339
66633237313036643339623036303635323634363132333461656431626662333765646166333738
38616337636566333533363635633433353665313530373436643235333161333763316430636437
35363034303863663035313036313634326234613962623364636432643037363035613838356239
30353836646433336265626139353234663166323763663664333935336164623737343264646638
64303736653230656135626163353135633436636161393838383061363533376335346538316366
61326637333431646465373162323538303338376338393634373030393661383861393039336466
39333130666533643965356161616630373965343863323161333130336461323039613239666365
37313634373662623462616239383638356234356264363665373465363536346362343763373265
39626139363935633863656464396163376465303230666463653266663566636339643335333035
39353665633364333563376365643432306163353261303339363139343062313639396366376363
64663833363765366236383764376239376665656135653763393163303238336636313366623530
39373038373539386565386438343138346237366538333231373333373037353839636133336234
34663863303463306561326136383737376237346366376237303664633138366237656230303437
61306562383263636533383161323165633063323639393963326531643961616239323036343365
65393032663735323062383262386337303739316338653531313738366666366266323961393039
61616237326538393232666138343834316433363734626239656334376136633537646234663364
32353037376334303038303365346334656264313935393432663337663261626464666435643935
32313732323339313631633234316339366238353038323265363236333362643531333239336361
39616231616438383066373161333639306230663836306239326138663138303831613939623438
66656138633438616138373735323862666439626234646338633338386237656531303534623637
66383431336535623432336236333965346635346332616430353136316534623238306636396435
61643531623739393032646339333839323539363631613663316633663439646362666466613266
66613738623939393531303265653833333162343966633933623236633538306566316631316231
64303832636132653233616139353038366635343435326165353339386164356361663531623730
39626463633835626233353531663934633362363833343232373235333835353961333237666234
65643934323937306530613563653466636630633162663264373366643036626436336263626663
61626462343363303761663962303232323535396136333261643631633738363939356366633965
31646437333235333234363936313865613963663065636635393738646633366332313836366134
38623066663931396537643437353135653265393032623862373662626564613966653066333637
34336134326633373039376362613066363433646132313864383231333338346633653231643661
64386332613236646337306431633930613135323133356239303464643039353961343263373336
63306162303065666130303964363162333232633465646163303062323437326639336333643763
65336461326234356163663565333465396232636162663635313862353630313837313864393436
35383366333464316533393563353730623730623564393038663836333934653831356564343265
37616634376563393136363865383838666462323038343934643236303161386234626566363364
62383336333137306131363532316639646462616133383534343265333363346162366534346538
31613665376431303636386336653062643935386136393863383436316438353666343531633065
64626266306531636631623832643162663765376237646334623937613935643937643166633135
39653732333535316665363761663636643166386130626133336335363663373863313639313062
30343838343866646332346564636664613532306135313864326634333835383562313331663162
36663132383231343063653638383939353434366562386337636632343262653162663266623261
38333762616535656564613637313337393135346132356365356663393565653861306430353435
36383734653337626232333834316162636136386363636137353936643163643661373663383064
62623462656362643538316233333932393034323533653166323965393138316437616237396631
38366637663762643433636138383261656634363533316262343439393062353163323638373566
34623362353038646639346235363138623366313035613531323665623836316362646333396637
36393134333630346433343130383234656636653263623337643430363165393435613834336161
62383933613437656538386162643438343337363531343964613137393662396438383439303835
61613661343738303937343436363635313332336163373539313231653431323132633939393665
30643763376163656430333764393431373831326338333563366365386338366362613263323932
63303730356364636336316235346639643134316266373762323536323235346134343231666432
37303433376335643965393038386635643037623966323231373062663533316261653166373262
66366263343233616334393733613664336361313030363331373336316531373330376663613139
34356565656165656662663734656236643564313365346634353938376432353864333238623666
33343631376263333462343962333637653036623030666563393564653836396131316439373633
66613466396139323234616364303135366432653636346465643365323165333938323261303636
37343037326262326437373031366363633930366532653536393335323337653665343039653933
65356266643438393561396432386231366436346330333533616639653631656539343931363130
61613735306230386531333333373864376537313966663339366161663635353531356362623962
64653761383934636564313433393431646637356137373764373365636430373532383235653463
62646331363135623763363331393566323665356537383536326435373164653032356363653634
61386562396233373136373332323936653930353330373234373634666633343132323037313134
31643733306434363137386234346538663266316338616639393862366636343365613064313637
36343964373265663234323965316434353237323936376536636131376664616339636363633963
63343566373365323535363661383865353163666131313737636132333964396435613664303334
323663373463353766363436333632376163
