$ANSIBLE_VAULT;1.1;AES256
34393863643930363639636466613831363938636439356561656232306361663162643339623930
6533333564663966656432633065623733613139393461370a633363623438666531343232623030
32356632656537313263396161396333656463326463323263633930383036363461643037316130
6637326163343233360a343965623461393435623039623462623062303337373861613734616136
38313435303837623664653966396237653965653733333535346531383562373331343635303436
39393935366330386137366561663764666264313036393639376262626236303737336462626365
39313461386235333731656436343436393233333161323835613635336166323762616636323532
39646431303966353464633364623031373539663230633234363736336466313938356433396139
39323932346464633333333838373435306266326236353036373035633565623963386561633032
33623164323562343331316631663230373338353766613361343134626134343635313337646161
38353266643237653961653732386135336361643566323334303238363866633730316433623237
35616562623863373766323931663566383164316133313434396364336438666364383235653835
33646464363464613461336261636562623462636366383435373830363834383865653831656634
36646162643337663630616532616136306365376435376366303139373162323766613730323661
30336331663061366538313232343430383330646231643938663634316534656631306639356132
39323136393739303164613734346363653637396663363765393030656366393762636263346431
37616232613433633835343265653933313362393039356233313934653962623439303664393738
37363034316534306661376436363034396435313039373931306564396264333166623432643836
61636438356631303761626632323937653037353261343237633439303662326639643733333264
30393433316161336362343334633635616433656361656263633562366361666635373838383030
64373039383963633663666539616137313366643963616530313063623666356334396266336434
32303933366230656535323266616136396565646361313833336566393664376530626262353833
38356162346161396632613533613936396661353438613335656635643936613663616462376338
36663461383766633663653931323432646635613439363330306134323635323964343939666134
30636532366265356164646136626132613932316464303330353734653433303063393964383637
32363836313961303131633839303665313564383637353632653762383335363562303036386130
63356431633634386436373031343732633735373562323535393739623161323634396138646263
31333032663262663631626261353938623633393163326138376264386666343936373637653830
66323030613936343731336539366565376633613635363130373433303130336163633165313332
37613939363337643165363765623461643964336465663661623033323230333666306631336539
39323764303565653461643531336561353733666462366138386632643532363139663833623935
39633132333734646133306238353935323533333763303430373235303035666530633138333262
30653963656436343464633564323833353364663039303538386138363537636336656639326432
38346535356166636334653430653534306463346661353939363332383733613562396666353363
63613937363461333164623436633237313663656362646337633438346162343239326165656634
66613836336362383766306236663263383036363162303930636636386333626131353138353861
62366135393832356236346136396336616164616435333231393734656631303666393439653736
31393138323338313137353666663938393362373837346331363030396532363635623965393133
34626461383738666134653236663133303934633732313331336430666266386632303836343663
31383835643339323032656334346334346132386463616331626263363439373234646536666632
39633362356163336237376339633631383732346539326237613262303165303236303939623061
37643166366431363462666133626362643739306334363133316132346535643230626134643335
34343930336566663361376639373463643135616461636639663336613833313035356236653030
62616561623464316538396264663639386238363033623838353237316330356332666638366337
38303032306535383031306330613365666665393462616232333936323763626631363333336533
34663563623165303832626238663834363463383037363235303633396566383933663537373735
64366138633231653137326662613364613935613139393366653839316139383539356263623530
65613138636436616130306562646235666662313937323134393635323732363137313030633831
38383365666463376536386165623062616533646362373861663766373766313138633635323165
39316264306631653535373031656339376630623033373261363038363834326437646662326133
34376233633464303434343662616439646136366463323739623765353539353736323330373762
65386566323837303861656637633031366137316566383031393133613065383064363838613736
36643432633437666531353234373735663330313135376361393766393034633635396634326231
64363966323837643261636231643061303662633463323465396565333237333731633964623036
65633864346663333232623566373831613532656635373432343439363536356436306239666464
33626637323036323238316338326132636636353035376637643738313837373339306434303632
33616237663635363738653862373264336162363965623333336230656631323662616566626462
39313835363438303137393138343361613461313333353530613139626563633238646130393232
62353939333033376336656139393734333335363265326265653437663231633036633630653934
61636138626431363330656630646537633037616664663566376636376166376536663233666461
66316265393832393462343066376638633139333337356262616665666235636530356636653536
31636539376561633033626464343734386162653564363964363637623965616432343733323932
32313137636535303138306136316537653462396136373462626137626566326437666561396133
35646662663664613930323639623565653364633636313063383138653130373331663766356363
38363065646239326461386462333564303038613235353166663763303035613565306330396163
34326264316330393031623361323833623631373061373334393465353765336431613237333630
35383038646564353938306333616365373366343566663239356335306532663235396263313863
36653630393261643434393035393166646631646566666534653439663566613065333866663834
63633530326532363366336631356431363734333866326663663833663764303335623931356265
34653634653364323333663836326530633631393563353361653761363432653439623435613333
30663861303737346662346234613163636462396130666130353032323339366536653031636463
61323732626565613431353535333265333739383761623030636137616366393730643966616333
33663830653561656139353263373536353635626562653636316338353164363533663038356130
64363138393638373639643632313933363061343938313232656463376639336537333666663735
37323838643537393965646538643132653862663236653937323633396236653431326636623263
37323138356635633563323538616361663531343461363836643362616434633437643539316566
61653232323732363461396564346436393537336164363539303163663734313430366339643534
36376230653037643636303564643439353933366466636663313165366263333238333438613035
66366234623532613131386536613864656432356538353534623230363030303939363166336339
31356632383530383963633064323364643832383338656131343262616638623830383436616564
31376333363132346636383931323333393139353537313164323166336231376563343561666533
33303639313435643930346339323638356266653561346162353862616631376162393330343163
36623734316565306436306361623432653361336136633535313133363836626461346233383933
34366637653438383062343565363866333432663935376263616662353036636335346366663239
63653436633939643965346664343538386164306637633531366231333763326266353134636131
66366364363134366539323536373236336335646561613866303033333937303232336665306432
65363435336134333639626234616335336431626238393565393062343432663638303464323430
63323835333632316234363939613935626537386462313138336231383731363237323065623838
62323763356436393066376362386662656439326638616364326336396139626162353964333035
31303261613134376431623838336432633533623262363964366331653835616138336532326636
63306530666337366365313736613334633665326430333265323334396262333663346664653066
37373566386262663962303132343735346337626130653931363261666431383365393539653361
33363635636664623034623734306331326563383931386465303934386538623633656463386465
36653138626333613735363365336231353933343638306161363336633138636235623663343235
33663831306666633564383238386364663063333665643965363433343530366335653334343966
62353334366636303066313133333162623535393063306533336333363435623633303439393937
66623835353838356566633435343139366233636164326635386162396236643531663865313838
62613465323966633864643730386531306466666634336534653433386464666332333734653538
36663931626435636230646337383935656631333962303732316235396131616163393234366261
31663962616431343833386434393839633734383438303732303664383639636266363965653236
31343531636564313531383734633037666231623737333531633362643335366531326332373730
34363636663365623936343833353063653262666331326261373837626437643531353133633630
31303863396563663336363365653263663238383636303731653831636261616566366434343430
31373533386437646533386532616537343835313630343437393130633438383263373035343734
65336430613834363738656535383364666639623230633837336332643932353638663435383237
39333165623739363138613039646235373962353038623264386130636433616134316233366162
37383730366261343930373365323635633763383935643465303765643139366433303934313734
30613261353965633731623462376235373865616237626639303635323737633663323335393032
62313538333539353133363932396231613530666339626234626233626436373261393539663039
63393262346164396262656633346437303332396134306239323762623430313563393136373962
32636132636463356438393464393261313064313330663763353237623038313135383432656364
63323033346436656539646230666637633933613663343031646664373162343766633036356631
66313935646563633164303336336165633432326630346564383531343238303763663066376264
30653634386465386264613838633338383666663530363436616462646437663138363362316462
33343862386432383637333966303161663435626533623564313831303761303333633336353836
36623263393135663938633037633966643265663338393037656436663238393461386135363466
65666531353565636635313633623462613564313235383731636265653165656637396632306339
33356532333535646165306261383730653034313165333462393165636234393430666665656663
64373534353733616131313439373961326130373533323832376232626162363332633733363835
38323539656439633963636237343737326239316562643666343863303563353764343936643761
62343761313830333534623562323662333231656332363137656466323630636261616565636563
31626362363965646633613037383861393063393737353433306161373566336338363366363563
33653333616133386261306163343638633132643063383162636430656339323339316430666566
63356137623037336335353739653536623966646463386264363639356633386335326463633832
31353364643930623935653063346665303532336636363331636537616563653434663864636431
37663566646164363465383263323664306462653434353633383533376630343561356665653564
61353062633162663036623439303165346565373962363164333237613838393066386565336237
61363130326665656263383435326666656438653131613536356532383435666136313530663264
61663638393632336664373639623561623835393034306366613964336238303839343631396161
30616435383438636130303961333062373338376534646433336435633265616565616638373531
34383534666465343135376230366536313832353264373239333663653662393737653666373337
64353734343739653238386133313538386233396532343063386231323938316334363666303961
31306433613430363432366261356461336239663336663161653636616363653563373663323164
33343739653764343032643363393038343764633338633631373963323939643162616432633564
39613962626132306165623330313031636562306165326163393935306266633037633261376639
36363436316366333739353461363237653262323632653431623735666264383963333165343965
62656431656537373339613037393564646538633034646265383266396334343263306437623663
65623730316332613835333966323361313739366434373438363532356438643464393131303537
30633639663133303937303561326365643038386139396232636133373834616661353064643464
39393766633566663934616239636664326131313266666531313632346238336437373330356132
62323836336362663231663733613834623338336435376166303830633664363334303638303866
63346239353766323639326363323031343461663932616134663534383339666235653738396131
366336623936653430383564303038623266
